4.049
4.055
3.786
3.575
3.303
3.379
3.027
3.340
3.275
2.561
2.839
2.449
2.364
2.600
1.628
1.530
1.352
2.057
1.898
1.889
1.899
1.625
1.196
1.427
0.680
1.120
0.545
1.271
0.776
0.601
0.385
0.833
0.456
0.513
-0.089
0.461
0.410
0.372
0.660
0.362
0.007
0.055
0.289
-0.371
0.216
0.204
-0.270
-0.361
-0.181
-0.136
0.071
-0.058
0.499
-0.378
-0.258
-0.289
0.222
-0.155
0.084
-0.108
-0.161
-0.174
0.411
-0.064
0.040
0.261
0.765
0.097
0.897
0.217
1.163
0.723
1.303
1.006
1.219
0.601
0.929
0.855
1.122
1.039
1.337
1.534
1.288
2.025
2.010
1.823
2.198
1.890
2.496
2.976
2.496
2.979
2.580
3.305
3.022
3.063
3.616
3.203
4.169
3.505
