-2.000
-1.960
-1.919
-1.879
-1.838
-1.798
-1.758
-1.717
-1.677
-1.636
-1.596
-1.556
-1.515
-1.475
-1.434
-1.394
-1.354
-1.313
-1.273
-1.232
-1.192
-1.152
-1.111
-1.071
-1.030
-0.990
-0.949
-0.909
-0.869
-0.828
-0.788
-0.747
-0.707
-0.667
-0.626
-0.586
-0.545
-0.505
-0.465
-0.424
-0.384
-0.343
-0.303
-0.263
-0.222
-0.182
-0.141
-0.101
-0.061
-0.020
0.020
0.061
0.101
0.141
0.182
0.222
0.263
0.303
0.343
0.384
0.424
0.465
0.505
0.545
0.586
0.626
0.667
0.707
0.747
0.788
0.828
0.869
0.909
0.949
0.990
1.030
1.071
1.111
1.152
1.192
1.232
1.273
1.313
1.354
1.394
1.434
1.475
1.515
1.556
1.596
1.636
1.677
1.717
1.758
1.798
1.838
1.879
1.919
1.960
2.000
